# Made in Blockbench 4.12.1
mtllib ring_gear.mtl

o Gear8
v -1.0625 0.625 0.5937500000000003
v -0.6875 0.625 0.5937500000000002
v -1.0625 0.375 0.5937500000000003
v -0.6875 0.375 0.5937500000000002
v -0.6875 0.625 0.4062500000000003
v -1.0625 0.625 0.40625000000000033
v -0.6875 0.375 0.4062500000000003
v -1.0625 0.375 0.40625000000000033
vt 0.5416666666666666 0.9375
vt 0.5416666666666666 1
vt 0.625 1
vt 0.625 0.9375
vt 0.625 0.9375
vt 0.625 0.8125
vt 0.7083333333333334 0.8125
vt 0.7083333333333334 0.9375
vt 0.625 0.9375
vt 0.625 1
vt 0.7083333333333334 1
vt 0.7083333333333334 0.9375
vt 0.625 0.8125
vt 0.625 0.9375
vt 0.7083333333333334 0.9375
vt 0.7083333333333334 0.8125
vt 0.5416666666666666 0.8125
vt 0.6041666666666666 0.8125
vt 0.6041666666666666 0.9375
vt 0.5416666666666666 0.9375
vt 0.5416666666666666 0.9375
vt 0.6041666666666666 0.9375
vt 0.6041666666666666 0.8125
vt 0.5416666666666666 0.8125
vn 1 0 -2.220446049250313e-16
vn 2.220446049250313e-16 0 1
vn -1 0 2.220446049250313e-16
vn -2.220446049250313e-16 0 -1
vn 0 1 0
vn 0 -1 0
usemtl ring_gear
f 4/4/1 7/3/1 5/2/1 2/1/1
f 3/8/2 4/7/2 2/6/2 1/5/2
f 8/12/3 3/11/3 1/10/3 6/9/3
f 7/16/4 8/15/4 6/14/4 5/13/4
f 6/20/5 1/19/5 2/18/5 5/17/5
f 7/24/6 4/23/6 3/22/6 8/21/6
o Gear10
v -1.0141872829410368 0.625 0.896777248187998
v -0.3398974026638155 0.625 0.7626526518019121
v -1.0141872829410368 0.375 0.896777248187998
v -0.3398974026638155 0.375 0.7626526518019121
v -0.37647683804183885 0.625 0.5787554117263063
v -1.0507667183190603 0.625 0.7128800081123922
v -0.37647683804183885 0.375 0.5787554117263063
v -1.0507667183190603 0.375 0.7128800081123922
vt 0.375 0.9375
vt 0.375 1
vt 0.4583333333333333 1
vt 0.4583333333333333 0.9375
vt 0.4583333333333333 0.9375
vt 0.4583333333333333 0.6458333333333333
vt 0.5416666666666666 0.6458333333333333
vt 0.5416666666666666 0.9375
vt 0.4583333333333333 0.9375
vt 0.4583333333333333 1
vt 0.5416666666666666 1
vt 0.5416666666666666 0.9375
vt 0.4583333333333333 0.6458333333333333
vt 0.4583333333333333 0.9375
vt 0.5416666666666666 0.9375
vt 0.5416666666666666 0.6458333333333333
vt 0.375 0.6458333333333333
vt 0.4375 0.6458333333333333
vt 0.4375 0.9375
vt 0.375 0.9375
vt 0.375 0.9375
vt 0.4375 0.9375
vt 0.4375 0.6458333333333333
vt 0.375 0.6458333333333333
vn 0.9807852804032311 0 -0.19509032201612486
vn 0.19509032201612486 0 0.9807852804032311
vn -0.9807852804032311 0 0.19509032201612486
vn -0.19509032201612486 0 -0.9807852804032311
vn 0 1 0
vn 0 -1 0
usemtl ring_gear
f 12/28/7 15/27/7 13/26/7 10/25/7
f 11/32/8 12/31/8 10/30/8 9/29/8
f 16/36/9 11/35/9 9/34/9 14/33/9
f 15/40/10 16/39/10 14/38/10 13/37/10
f 14/44/11 9/43/11 10/42/11 13/41/11
f 15/48/12 12/47/12 11/46/12 16/45/12
o Gear11
v -0.7470865598771423 0.625 1.4460287652464885
v -0.17545120141914117 0.625 1.0640742300455135
v -0.7470865598771423 0.375 1.4460287652464885
v -0.17545120141914117 0.375 1.0640742300455135
v -0.2796206201103162 0.625 0.908173677738786
v -0.8512559785683171 0.625 1.2901282129397607
v -0.2796206201103162 0.375 0.908173677738786
v -0.8512559785683171 0.375 1.2901282129397607
vt 0.375 0.9375
vt 0.375 1
vt 0.4583333333333333 1
vt 0.4583333333333333 0.9375
vt 0.4583333333333333 0.9375
vt 0.4583333333333333 0.6458333333333333
vt 0.5416666666666666 0.6458333333333333
vt 0.5416666666666666 0.9375
vt 0.4583333333333333 0.9375
vt 0.4583333333333333 1
vt 0.5416666666666666 1
vt 0.5416666666666666 0.9375
vt 0.4583333333333333 0.6458333333333333
vt 0.4583333333333333 0.9375
vt 0.5416666666666666 0.9375
vt 0.5416666666666666 0.6458333333333333
vt 0.375 0.6458333333333333
vt 0.4375 0.6458333333333333
vt 0.4375 0.9375
vt 0.375 0.9375
vt 0.375 0.9375
vt 0.4375 0.9375
vt 0.4375 0.6458333333333333
vt 0.375 0.6458333333333333
vn 0.831469612302547 0 -0.5555702330195997
vn 0.5555702330195997 0 0.831469612302547
vn -0.831469612302547 0 0.5555702330195997
vn -0.5555702330195997 0 -0.831469612302547
vn 0 1 0
vn 0 -1 0
usemtl ring_gear
f 20/52/13 23/51/13 21/50/13 18/49/13
f 19/56/14 20/55/14 18/54/14 17/53/14
f 24/60/15 19/59/15 17/58/15 22/57/15
f 23/64/16 24/63/16 22/62/16 21/61/16
f 22/68/17 17/67/17 18/66/17 21/65/17
f 23/72/18 20/71/18 19/70/18 24/69/18
o Gear9
v -0.9076851977646607 0.625 1.184556569243381
v -0.5612303730729278 0.625 1.0410502821064735
v -0.9076851977646607 0.375 1.184556569243381
v -0.5612303730729278 0.375 1.0410502821064735
v -0.6329835166413815 0.625 0.8678228697606071
v -0.9794383413331145 0.625 1.0113291568975145
v -0.6329835166413815 0.375 0.8678228697606071
v -0.9794383413331145 0.375 1.0113291568975145
vt 0.5416666666666666 0.9375
vt 0.5416666666666666 1
vt 0.625 1
vt 0.625 0.9375
vt 0.625 0.9375
vt 0.625 0.8125
vt 0.7083333333333334 0.8125
vt 0.7083333333333334 0.9375
vt 0.625 0.9375
vt 0.625 1
vt 0.7083333333333334 1
vt 0.7083333333333334 0.9375
vt 0.625 0.8125
vt 0.625 0.9375
vt 0.7083333333333334 0.9375
vt 0.7083333333333334 0.8125
vt 0.5416666666666666 0.8125
vt 0.6041666666666666 0.8125
vt 0.6041666666666666 0.9375
vt 0.5416666666666666 0.9375
vt 0.5416666666666666 0.9375
vt 0.6041666666666666 0.9375
vt 0.6041666666666666 0.8125
vt 0.5416666666666666 0.8125
vn 0.9238795325112881 0 -0.3826834323650866
vn 0.3826834323650866 0 0.9238795325112881
vn -0.9238795325112881 0 0.3826834323650866
vn -0.3826834323650866 0 -0.9238795325112881
vn 0 1 0
vn 0 -1 0
usemtl ring_gear
f 28/76/19 31/75/19 29/74/19 26/73/19
f 27/80/20 28/79/20 26/78/20 25/77/20
f 32/84/21 27/83/21 25/82/21 30/81/21
f 31/88/22 32/87/22 30/86/22 29/85/22
f 30/92/23 25/91/23 26/90/23 29/89/23
f 31/96/24 28/95/24 27/94/24 32/93/24
o Gear12
v 0.28711999188759707 0.625 2.0507667183190588
v 0.4212445882736876 0.625 1.3764768380418384
v 0.28711999188759707 0.375 2.0507667183190588
v 0.4212445882736876 0.375 1.3764768380418384
v 0.237347348198082 0.625 1.3398974026638137
v 0.10322275181199148 0.625 2.014187282941034
v 0.237347348198082 0.375 1.3398974026638137
v 0.10322275181199148 0.375 2.014187282941034
vt 0.375 0.9375
vt 0.375 1
vt 0.4583333333333333 1
vt 0.4583333333333333 0.9375
vt 0.4583333333333333 0.9375
vt 0.4583333333333333 0.6458333333333333
vt 0.5416666666666666 0.6458333333333333
vt 0.5416666666666666 0.9375
vt 0.4583333333333333 0.9375
vt 0.4583333333333333 1
vt 0.5416666666666666 1
vt 0.5416666666666666 0.9375
vt 0.4583333333333333 0.6458333333333333
vt 0.4583333333333333 0.9375
vt 0.5416666666666666 0.9375
vt 0.5416666666666666 0.6458333333333333
vt 0.375 0.6458333333333333
vt 0.4375 0.6458333333333333
vt 0.4375 0.9375
vt 0.375 0.9375
vt 0.375 0.9375
vt 0.4375 0.9375
vt 0.4375 0.6458333333333333
vt 0.375 0.6458333333333333
vn 0.19509032201613166 0 -0.9807852804032298
vn 0.9807852804032298 0 0.19509032201613166
vn -0.19509032201613166 0 0.9807852804032298
vn -0.9807852804032298 0 -0.19509032201613166
vn 0 1 0
vn 0 -1 0
usemtl ring_gear
f 36/100/25 39/99/25 37/98/25 34/97/25
f 35/104/26 36/103/26 34/102/26 33/101/26
f 40/108/27 35/107/27 33/106/27 38/105/27
f 39/112/28 40/111/28 38/110/28 37/109/28
f 38/116/29 33/115/29 34/114/29 37/113/29
f 39/120/30 36/119/30 35/118/30 40/117/30
o Gear10
v -0.01132915689752656 0.625 1.9794383413331103
v 0.13217713023938377 0.625 1.6329835166413784
v -0.01132915689752656 0.375 1.9794383413331103
v 0.13217713023938377 0.375 1.6329835166413784
v -0.041050282106482205 0.625 1.5612303730729233
v -0.18455656924339248 0.625 1.9076851977646552
v -0.041050282106482205 0.375 1.5612303730729233
v -0.18455656924339248 0.375 1.9076851977646552
vt 0.5416666666666666 0.9375
vt 0.5416666666666666 1
vt 0.625 1
vt 0.625 0.9375
vt 0.625 0.9375
vt 0.625 0.8125
vt 0.7083333333333334 0.8125
vt 0.7083333333333334 0.9375
vt 0.625 0.9375
vt 0.625 1
vt 0.7083333333333334 1
vt 0.7083333333333334 0.9375
vt 0.625 0.8125
vt 0.625 0.9375
vt 0.7083333333333334 0.9375
vt 0.7083333333333334 0.8125
vt 0.5416666666666666 0.8125
vt 0.6041666666666666 0.8125
vt 0.6041666666666666 0.9375
vt 0.5416666666666666 0.9375
vt 0.5416666666666666 0.9375
vt 0.6041666666666666 0.9375
vt 0.6041666666666666 0.8125
vt 0.5416666666666666 0.8125
vn 0.38268343236509406 0 -0.923879532511285
vn 0.923879532511285 0 0.38268343236509406
vn -0.38268343236509406 0 0.923879532511285
vn -0.923879532511285 0 -0.38268343236509406
vn 0 1 0
vn 0 -1 0
usemtl ring_gear
f 44/124/31 47/123/31 45/122/31 42/121/31
f 43/128/32 44/127/32 42/126/32 41/125/32
f 48/132/33 43/131/33 41/130/33 46/129/33
f 47/136/34 48/135/34 46/134/34 45/133/34
f 46/140/35 41/139/35 42/138/35 45/137/35
f 47/144/36 44/143/36 43/142/36 48/141/36
o Gear11
v -0.29012821293976876 0.625 1.8512559785683123
v 0.09182632226120946 0.625 1.2796206201103137
v -0.29012821293976876 0.375 1.8512559785683123
v 0.09182632226120946 0.375 1.2796206201103137
v -0.06407423004551749 0.625 1.1754512014191376
v -0.4460287652464957 0.625 1.7470865598771366
v -0.06407423004551749 0.375 1.1754512014191376
v -0.4460287652464957 0.375 1.7470865598771366
vt 0.375 0.9375
vt 0.375 1
vt 0.4583333333333333 1
vt 0.4583333333333333 0.9375
vt 0.4583333333333333 0.9375
vt 0.4583333333333333 0.6458333333333333
vt 0.5416666666666666 0.6458333333333333
vt 0.5416666666666666 0.9375
vt 0.4583333333333333 0.9375
vt 0.4583333333333333 1
vt 0.5416666666666666 1
vt 0.5416666666666666 0.9375
vt 0.4583333333333333 0.6458333333333333
vt 0.4583333333333333 0.9375
vt 0.5416666666666666 0.9375
vt 0.5416666666666666 0.6458333333333333
vt 0.375 0.6458333333333333
vt 0.4375 0.6458333333333333
vt 0.4375 0.9375
vt 0.375 0.9375
vt 0.375 0.9375
vt 0.4375 0.9375
vt 0.4375 0.6458333333333333
vt 0.375 0.6458333333333333
vn 0.5555702330196046 0 -0.8314696123025437
vn 0.8314696123025437 0 0.5555702330196046
vn -0.5555702330196046 0 0.8314696123025437
vn -0.8314696123025437 0 -0.5555702330196046
vn 0 1 0
vn 0 -1 0
usemtl ring_gear
f 52/148/37 55/147/37 53/146/37 50/145/37
f 51/152/38 52/151/38 50/150/38 49/149/38
f 56/156/39 51/155/39 49/154/39 54/153/39
f 55/160/40 56/159/40 54/158/40 53/157/40
f 54/164/41 49/163/41 50/162/41 53/161/41
f 55/168/42 52/167/42 51/166/42 56/165/42
o Gear9
v -0.5385630848677441 0.625 1.6711456063402172
v -0.27339804192278827 0.625 1.4059805633952625
v -0.5385630848677441 0.375 1.6711456063402172
v -0.27339804192278827 0.375 1.4059805633952625
v -0.40598056339526567 0.625 1.2733980419227846
v -0.6711456063402215 0.625 1.5385630848677394
v -0.40598056339526567 0.375 1.2733980419227846
v -0.6711456063402215 0.375 1.5385630848677394
vt 0.5416666666666666 0.9375
vt 0.5416666666666666 1
vt 0.625 1
vt 0.625 0.9375
vt 0.625 0.9375
vt 0.625 0.8125
vt 0.7083333333333334 0.8125
vt 0.7083333333333334 0.9375
vt 0.625 0.9375
vt 0.625 1
vt 0.7083333333333334 1
vt 0.7083333333333334 0.9375
vt 0.625 0.8125
vt 0.625 0.9375
vt 0.7083333333333334 0.9375
vt 0.7083333333333334 0.8125
vt 0.5416666666666666 0.8125
vt 0.6041666666666666 0.8125
vt 0.6041666666666666 0.9375
vt 0.5416666666666666 0.9375
vt 0.5416666666666666 0.9375
vt 0.6041666666666666 0.9375
vt 0.6041666666666666 0.8125
vt 0.5416666666666666 0.8125
vn 0.707106781186549 0 -0.7071067811865461
vn 0.7071067811865461 0 0.707106781186549
vn -0.707106781186549 0 0.7071067811865461
vn -0.7071067811865461 0 -0.707106781186549
vn 0 1 0
vn 0 -1 0
usemtl ring_gear
f 60/172/43 63/171/43 61/170/43 58/169/43
f 59/176/44 60/175/44 58/174/44 57/173/44
f 64/180/45 59/179/45 57/178/45 62/177/45
f 63/184/46 64/183/46 62/182/46 61/181/46
f 62/188/47 57/187/47 58/186/47 61/185/47
f 63/192/48 60/191/48 59/190/48 64/189/48
o Gear13
v 2.0507667183190588 0.625 0.7128800081124038
v 1.3764768380418384 0.625 0.5787554117263128
v 2.0507667183190588 0.375 0.7128800081124038
v 1.3764768380418384 0.375 0.5787554117263128
v 1.3398974026638135 0.625 0.7626526518019184
v 2.014187282941034 0.625 0.8967772481880094
v 1.3398974026638135 0.375 0.7626526518019184
v 2.014187282941034 0.375 0.8967772481880094
vt 0.375 0.9375
vt 0.375 1
vt 0.4583333333333333 1
vt 0.4583333333333333 0.9375
vt 0.4583333333333333 0.9375
vt 0.4583333333333333 0.6458333333333333
vt 0.5416666666666666 0.6458333333333333
vt 0.5416666666666666 0.9375
vt 0.4583333333333333 0.9375
vt 0.4583333333333333 1
vt 0.5416666666666666 1
vt 0.5416666666666666 0.9375
vt 0.4583333333333333 0.6458333333333333
vt 0.4583333333333333 0.9375
vt 0.5416666666666666 0.9375
vt 0.5416666666666666 0.6458333333333333
vt 0.375 0.6458333333333333
vt 0.4375 0.6458333333333333
vt 0.4375 0.9375
vt 0.375 0.9375
vt 0.375 0.9375
vt 0.4375 0.9375
vt 0.4375 0.6458333333333333
vt 0.375 0.6458333333333333
vn -0.9807852804032297 0 -0.1950903220161322
vn 0.1950903220161322 0 -0.9807852804032297
vn 0.9807852804032297 0 0.1950903220161322
vn -0.1950903220161322 0 0.9807852804032297
vn 0 1 0
vn 0 -1 0
usemtl ring_gear
f 68/196/49 71/195/49 69/194/49 66/193/49
f 67/200/50 68/199/50 66/198/50 65/197/50
f 72/204/51 67/203/51 65/202/51 70/201/51
f 71/208/52 72/207/52 70/206/52 69/205/52
f 70/212/53 65/211/53 66/210/53 69/209/53
f 71/216/54 68/215/54 67/214/54 72/213/54
o Gear11
v 1.979438341333111 0.625 1.011329156897525
v 1.6329835166413789 0.625 0.867822869760615
v 1.979438341333111 0.375 1.011329156897525
v 1.6329835166413789 0.375 0.867822869760615
v 1.5612303730729238 0.625 1.041050282106481
v 1.9076851977646558 0.625 1.1845565692433908
v 1.5612303730729238 0.375 1.041050282106481
v 1.9076851977646558 0.375 1.1845565692433908
vt 0.5416666666666666 0.9375
vt 0.5416666666666666 1
vt 0.625 1
vt 0.625 0.9375
vt 0.625 0.9375
vt 0.625 0.8125
vt 0.7083333333333334 0.8125
vt 0.7083333333333334 0.9375
vt 0.625 0.9375
vt 0.625 1
vt 0.7083333333333334 1
vt 0.7083333333333334 0.9375
vt 0.625 0.8125
vt 0.625 0.9375
vt 0.7083333333333334 0.9375
vt 0.7083333333333334 0.8125
vt 0.5416666666666666 0.8125
vt 0.6041666666666666 0.8125
vt 0.6041666666666666 0.9375
vt 0.5416666666666666 0.9375
vt 0.5416666666666666 0.9375
vt 0.6041666666666666 0.9375
vt 0.6041666666666666 0.8125
vt 0.5416666666666666 0.8125
vn -0.9238795325112854 0 -0.38268343236509306
vn 0.38268343236509306 0 -0.9238795325112854
vn 0.9238795325112854 0 0.38268343236509306
vn -0.38268343236509306 0 0.9238795325112854
vn 0 1 0
vn 0 -1 0
usemtl ring_gear
f 76/220/55 79/219/55 77/218/55 74/217/55
f 75/224/56 76/223/56 74/222/56 73/221/56
f 80/228/57 75/227/57 73/226/57 78/225/57
f 79/232/58 80/231/58 78/230/58 77/229/58
f 78/236/59 73/235/59 74/234/59 77/233/59
f 79/240/60 76/239/60 75/238/60 80/237/60
o Gear12
v 1.8512559785683131 0.625 1.290128212939767
v 1.2796206201103142 0.625 0.9081736777387897
v 1.8512559785683131 0.375 1.290128212939767
v 1.2796206201103142 0.375 0.9081736777387897
v 1.1754512014191385 0.625 1.0640742300455166
v 1.7470865598771375 0.625 1.4460287652464943
v 1.1754512014191385 0.375 1.0640742300455166
v 1.7470865598771375 0.375 1.4460287652464943
vt 0.375 0.9375
vt 0.375 1
vt 0.4583333333333333 1
vt 0.4583333333333333 0.9375
vt 0.4583333333333333 0.9375
vt 0.4583333333333333 0.6458333333333333
vt 0.5416666666666666 0.6458333333333333
vt 0.5416666666666666 0.9375
vt 0.4583333333333333 0.9375
vt 0.4583333333333333 1
vt 0.5416666666666666 1
vt 0.5416666666666666 0.9375
vt 0.4583333333333333 0.6458333333333333
vt 0.4583333333333333 0.9375
vt 0.5416666666666666 0.9375
vt 0.5416666666666666 0.6458333333333333
vt 0.375 0.6458333333333333
vt 0.4375 0.6458333333333333
vt 0.4375 0.9375
vt 0.375 0.9375
vt 0.375 0.9375
vt 0.4375 0.9375
vt 0.4375 0.6458333333333333
vt 0.375 0.6458333333333333
vn -0.8314696123025442 0 -0.5555702330196036
vn 0.5555702330196036 0 -0.8314696123025442
vn 0.8314696123025442 0 0.5555702330196036
vn -0.5555702330196036 0 0.8314696123025442
vn 0 1 0
vn 0 -1 0
usemtl ring_gear
f 84/244/61 87/243/61 85/242/61 82/241/61
f 83/248/62 84/247/62 82/246/62 81/245/62
f 88/252/63 83/251/63 81/250/63 86/249/63
f 87/256/64 88/255/64 86/254/64 85/253/64
f 86/260/65 81/259/65 82/258/65 85/257/65
f 87/264/66 84/263/66 83/262/66 88/261/66
o Gear10
v 1.6711456063402175 0.625 1.5385630848677438
v 1.4059805633952625 0.625 1.273398041922788
v 1.6711456063402175 0.375 1.5385630848677438
v 1.4059805633952625 0.375 1.273398041922788
v 1.2733980419227846 0.625 1.4059805633952653
v 1.5385630848677396 0.625 1.6711456063402212
v 1.2733980419227846 0.375 1.4059805633952653
v 1.5385630848677396 0.375 1.6711456063402212
vt 0.5416666666666666 0.9375
vt 0.5416666666666666 1
vt 0.625 1
vt 0.625 0.9375
vt 0.625 0.9375
vt 0.625 0.8125
vt 0.7083333333333334 0.8125
vt 0.7083333333333334 0.9375
vt 0.625 0.9375
vt 0.625 1
vt 0.7083333333333334 1
vt 0.7083333333333334 0.9375
vt 0.625 0.8125
vt 0.625 0.9375
vt 0.7083333333333334 0.9375
vt 0.7083333333333334 0.8125
vt 0.5416666666666666 0.8125
vt 0.6041666666666666 0.8125
vt 0.6041666666666666 0.9375
vt 0.5416666666666666 0.9375
vt 0.5416666666666666 0.9375
vt 0.6041666666666666 0.9375
vt 0.6041666666666666 0.8125
vt 0.5416666666666666 0.8125
vn -0.7071067811865462 0 -0.7071067811865488
vn 0.7071067811865488 0 -0.7071067811865462
vn 0.7071067811865462 0 0.7071067811865488
vn -0.7071067811865488 0 0.7071067811865462
vn 0 1 0
vn 0 -1 0
usemtl ring_gear
f 92/268/67 95/267/67 93/266/67 90/265/67
f 91/272/68 92/271/68 90/270/68 89/269/68
f 96/276/69 91/275/69 89/274/69 94/273/69
f 95/280/70 96/279/70 94/278/70 93/277/70
f 94/284/71 89/283/71 90/282/71 93/281/71
f 95/288/72 92/287/72 91/286/72 96/285/72
o Gear12
v 1.4460287652464885 0.625 1.7470865598771421
v 1.0640742300455135 0.625 1.1754512014191412
v 1.4460287652464885 0.375 1.7470865598771421
v 1.0640742300455135 0.375 1.1754512014191412
v 0.908173677738786 0.625 1.279620620110316
v 1.2901282129397607 0.625 1.851255978568317
v 0.908173677738786 0.375 1.279620620110316
v 1.2901282129397607 0.375 1.851255978568317
vt 0.375 0.9375
vt 0.375 1
vt 0.4583333333333333 1
vt 0.4583333333333333 0.9375
vt 0.4583333333333333 0.9375
vt 0.4583333333333333 0.6458333333333333
vt 0.5416666666666666 0.6458333333333333
vt 0.5416666666666666 0.9375
vt 0.4583333333333333 0.9375
vt 0.4583333333333333 1
vt 0.5416666666666666 1
vt 0.5416666666666666 0.9375
vt 0.4583333333333333 0.6458333333333333
vt 0.4583333333333333 0.9375
vt 0.5416666666666666 0.9375
vt 0.5416666666666666 0.6458333333333333
vt 0.375 0.6458333333333333
vt 0.4375 0.6458333333333333
vt 0.4375 0.9375
vt 0.375 0.9375
vt 0.375 0.9375
vt 0.4375 0.9375
vt 0.4375 0.6458333333333333
vt 0.375 0.6458333333333333
vn -0.5555702330195997 0 -0.8314696123025469
vn 0.8314696123025469 0 -0.5555702330195997
vn 0.5555702330195997 0 0.8314696123025469
vn -0.8314696123025469 0 0.5555702330195997
vn 0 1 0
vn 0 -1 0
usemtl ring_gear
f 100/292/73 103/291/73 101/290/73 98/289/73
f 99/296/74 100/295/74 98/294/74 97/293/74
f 104/300/75 99/299/75 97/298/75 102/297/75
f 103/304/76 104/303/76 102/302/76 101/301/76
f 102/308/77 97/307/77 98/306/77 101/305/77
f 103/312/78 100/311/78 99/310/78 104/309/78
o Gear10
v 1.1845565692433795 0.625 1.9076851977646614
v 1.0410502821064724 0.625 1.5612303730729282
v 1.1845565692433795 0.375 1.9076851977646614
v 1.0410502821064724 0.375 1.5612303730729282
v 0.8678228697606059 0.625 1.632983516641382
v 1.011329156897513 0.625 1.9794383413331151
v 0.8678228697606059 0.375 1.632983516641382
v 1.011329156897513 0.375 1.9794383413331151
vt 0.5416666666666666 0.9375
vt 0.5416666666666666 1
vt 0.625 1
vt 0.625 0.9375
vt 0.625 0.9375
vt 0.625 0.8125
vt 0.7083333333333334 0.8125
vt 0.7083333333333334 0.9375
vt 0.625 0.9375
vt 0.625 1
vt 0.7083333333333334 1
vt 0.7083333333333334 0.9375
vt 0.625 0.8125
vt 0.625 0.9375
vt 0.7083333333333334 0.9375
vt 0.7083333333333334 0.8125
vt 0.5416666666666666 0.8125
vt 0.6041666666666666 0.8125
vt 0.6041666666666666 0.9375
vt 0.5416666666666666 0.9375
vt 0.5416666666666666 0.9375
vt 0.6041666666666666 0.9375
vt 0.6041666666666666 0.8125
vt 0.5416666666666666 0.8125
vn -0.38268343236508556 0 -0.9238795325112885
vn 0.9238795325112885 0 -0.38268343236508556
vn 0.38268343236508556 0 0.9238795325112885
vn -0.9238795325112885 0 0.38268343236508556
vn 0 1 0
vn 0 -1 0
usemtl ring_gear
f 108/316/79 111/315/79 109/314/79 106/313/79
f 107/320/80 108/319/80 106/318/80 105/317/80
f 112/324/81 107/323/81 105/322/81 110/321/81
f 111/328/82 112/327/82 110/326/82 109/325/82
f 110/332/83 105/331/83 106/330/83 109/329/83
f 111/336/84 108/335/84 107/334/84 112/333/84
o Gear11
v 0.8967772481880014 0.625 2.0141872829410357
v 0.7626526518019141 0.625 1.3398974026638149
v 0.8967772481880014 0.375 2.0141872829410357
v 0.7626526518019141 0.375 1.3398974026638149
v 0.5787554117263083 0.625 1.3764768380418388
v 0.7128800081123956 0.625 2.0507667183190597
v 0.5787554117263083 0.375 1.3764768380418388
v 0.7128800081123956 0.375 2.0507667183190597
vt 0.375 0.9375
vt 0.375 1
vt 0.4583333333333333 1
vt 0.4583333333333333 0.9375
vt 0.4583333333333333 0.9375
vt 0.4583333333333333 0.6458333333333333
vt 0.5416666666666666 0.6458333333333333
vt 0.5416666666666666 0.9375
vt 0.4583333333333333 0.9375
vt 0.4583333333333333 1
vt 0.5416666666666666 1
vt 0.5416666666666666 0.9375
vt 0.4583333333333333 0.6458333333333333
vt 0.4583333333333333 0.9375
vt 0.5416666666666666 0.9375
vt 0.5416666666666666 0.6458333333333333
vt 0.375 0.6458333333333333
vt 0.4375 0.6458333333333333
vt 0.4375 0.9375
vt 0.375 0.9375
vt 0.375 0.9375
vt 0.4375 0.9375
vt 0.4375 0.6458333333333333
vt 0.375 0.6458333333333333
vn -0.19509032201612705 0 -0.9807852804032307
vn 0.9807852804032307 0 -0.19509032201612705
vn 0.19509032201612705 0 0.9807852804032307
vn -0.9807852804032307 0 0.19509032201612705
vn 0 1 0
vn 0 -1 0
usemtl ring_gear
f 116/340/85 119/339/85 117/338/85 114/337/85
f 115/344/86 116/343/86 114/342/86 113/341/86
f 120/348/87 115/347/87 113/346/87 118/345/87
f 119/352/88 120/351/88 118/350/88 117/349/88
f 118/356/89 113/355/89 114/354/89 117/353/89
f 119/360/90 116/359/90 115/358/90 120/357/90
o Gear9
v 0.5937499999999982 0.625 2.0625
v 0.5937499999999987 0.625 1.6875
v 0.5937499999999982 0.375 2.0625
v 0.5937499999999987 0.375 1.6875
v 0.40624999999999867 0.625 1.6875
v 0.4062499999999982 0.625 2.0625
v 0.40624999999999867 0.375 1.6875
v 0.4062499999999982 0.375 2.0625
vt 0.5416666666666666 0.9375
vt 0.5416666666666666 1
vt 0.625 1
vt 0.625 0.9375
vt 0.625 0.9375
vt 0.625 0.8125
vt 0.7083333333333334 0.8125
vt 0.7083333333333334 0.9375
vt 0.625 0.9375
vt 0.625 1
vt 0.7083333333333334 1
vt 0.7083333333333334 0.9375
vt 0.625 0.8125
vt 0.625 0.9375
vt 0.7083333333333334 0.9375
vt 0.7083333333333334 0.8125
vt 0.5416666666666666 0.8125
vt 0.6041666666666666 0.8125
vt 0.6041666666666666 0.9375
vt 0.5416666666666666 0.9375
vt 0.5416666666666666 0.9375
vt 0.6041666666666666 0.9375
vt 0.6041666666666666 0.8125
vt 0.5416666666666666 0.8125
vn 1.1449174941446927e-15 0 -1
vn 1 0 1.1449174941446927e-15
vn -1.1449174941446927e-15 0 1
vn -1 0 -1.1449174941446927e-15
vn 0 1 0
vn 0 -1 0
usemtl ring_gear
f 124/364/91 127/363/91 125/362/91 122/361/91
f 123/368/92 124/367/92 122/366/92 121/365/92
f 128/372/93 123/371/93 121/370/93 126/369/93
f 127/376/94 128/375/94 126/374/94 125/373/94
f 126/380/95 121/379/95 122/378/95 125/377/95
f 127/384/96 124/383/96 123/382/96 128/381/96
o Gear14
v -1.0507667183190565 0.6250000000000031 0.28711999188758297
v -0.3764768380418374 0.6250000000000018 0.4212445882736796
v -1.050766718319057 0.3750000000000031 0.28711999188758286
v -0.37647683804183796 0.3750000000000018 0.42124458827367955
v -0.3398974026638111 0.6250000000000018 0.23734734819807435
v -1.0141872829410303 0.6250000000000031 0.10322275181197771
v -0.33989740266381163 0.3750000000000017 0.2373473481980743
v -1.0141872829410308 0.3750000000000031 0.1032227518119776
vt 0.375 0.9375
vt 0.375 1
vt 0.4583333333333333 1
vt 0.4583333333333333 0.9375
vt 0.4583333333333333 0.9375
vt 0.4583333333333333 0.6458333333333333
vt 0.5416666666666666 0.6458333333333333
vt 0.5416666666666666 0.9375
vt 0.4583333333333333 0.9375
vt 0.4583333333333333 1
vt 0.5416666666666666 1
vt 0.5416666666666666 0.9375
vt 0.4583333333333333 0.6458333333333333
vt 0.4583333333333333 0.9375
vt 0.5416666666666666 0.9375
vt 0.5416666666666666 0.6458333333333333
vt 0.375 0.6458333333333333
vt 0.4375 0.6458333333333333
vt 0.4375 0.9375
vt 0.375 0.9375
vt 0.375 0.9375
vt 0.4375 0.9375
vt 0.4375 0.6458333333333333
vt 0.375 0.6458333333333333
vn 0.980785280403228 -2.001866975458209e-15 0.19509032201614063
vn -0.19509032201614063 1.9716668774725362e-16 0.980785280403228
vn -0.980785280403228 2.001866975458209e-15 -0.19509032201614063
vn 0.19509032201614063 -1.9716668774725362e-16 -0.980785280403228
vn 2.001866975458209e-15 1 1.9716668774725362e-16
vn -2.001866975458209e-15 -1 -1.9716668774725362e-16
usemtl ring_gear
f 132/388/97 135/387/97 133/386/97 130/385/97
f 131/392/98 132/391/98 130/390/98 129/389/98
f 136/396/99 131/395/99 129/394/99 134/393/99
f 135/400/100 136/399/100 134/398/100 133/397/100
f 134/404/101 129/403/101 130/402/101 133/401/101
f 135/408/102 132/407/102 131/406/102 136/405/102
o Gear12
v -0.9794383413331089 0.6250000000000003 -0.011329156897530446
v -0.6329835166413775 0.6250000000000002 0.13217713023938082
v -0.9794383413331089 0.3750000000000004 -0.011329156897530446
v -0.6329835166413775 0.3750000000000003 0.13217713023938082
v -0.561230373072922 0.6250000000000002 -0.04105028210648498
v -0.9076851977646534 0.6250000000000003 -0.18455656924339614
v -0.561230373072922 0.3750000000000003 -0.04105028210648498
v -0.9076851977646534 0.3750000000000004 -0.18455656924339614
vt 0.5416666666666666 0.9375
vt 0.5416666666666666 1
vt 0.625 1
vt 0.625 0.9375
vt 0.625 0.9375
vt 0.625 0.8125
vt 0.7083333333333334 0.8125
vt 0.7083333333333334 0.9375
vt 0.625 0.9375
vt 0.625 1
vt 0.7083333333333334 1
vt 0.7083333333333334 0.9375
vt 0.625 0.8125
vt 0.625 0.9375
vt 0.7083333333333334 0.9375
vt 0.7083333333333334 0.8125
vt 0.5416666666666666 0.8125
vt 0.6041666666666666 0.8125
vt 0.6041666666666666 0.9375
vt 0.5416666666666666 0.9375
vt 0.5416666666666666 0.9375
vt 0.6041666666666666 0.9375
vt 0.6041666666666666 0.8125
vt 0.5416666666666666 0.8125
vn 0.923879532511284 -2.35607291143505e-16 0.3826834323650965
vn -0.3826834323650965 4.6865204053263806e-17 0.923879532511284
vn -0.923879532511284 2.35607291143505e-16 -0.3826834323650965
vn 0.3826834323650965 -4.6865204053263806e-17 -0.923879532511284
vn 2.35607291143505e-16 1 4.6865204053263806e-17
vn -2.35607291143505e-16 -1 -4.6865204053263806e-17
usemtl ring_gear
f 140/412/103 143/411/103 141/410/103 138/409/103
f 139/416/104 140/415/104 138/414/104 137/413/104
f 144/420/105 139/419/105 137/418/105 142/417/105
f 143/424/106 144/423/106 142/422/106 141/421/106
f 142/428/107 137/427/107 138/426/107 141/425/107
f 143/432/108 140/431/108 139/430/108 144/429/108
o Gear13
v -0.8512559785683129 0.6250000000000003 -0.2901282129397681
v -0.27962062011031386 0.6250000000000002 0.09182632226120985
v -0.8512559785683129 0.37500000000000033 -0.2901282129397681
v -0.27962062011031397 0.3750000000000002 0.09182632226120979
v -0.17545120141913806 0.6250000000000002 -0.06407423004551716
v -0.7470865598771372 0.6250000000000003 -0.44602876524649504
v -0.17545120141913817 0.3750000000000002 -0.06407423004551716
v -0.7470865598771372 0.37500000000000033 -0.44602876524649504
vt 0.375 0.9375
vt 0.375 1
vt 0.4583333333333333 1
vt 0.4583333333333333 0.9375
vt 0.4583333333333333 0.9375
vt 0.4583333333333333 0.6458333333333333
vt 0.5416666666666666 0.6458333333333333
vt 0.5416666666666666 0.9375
vt 0.4583333333333333 0.9375
vt 0.4583333333333333 1
vt 0.5416666666666666 1
vt 0.5416666666666666 0.9375
vt 0.4583333333333333 0.6458333333333333
vt 0.4583333333333333 0.9375
vt 0.5416666666666666 0.9375
vt 0.5416666666666666 0.6458333333333333
vt 0.375 0.6458333333333333
vt 0.4375 0.6458333333333333
vt 0.4375 0.9375
vt 0.375 0.9375
vt 0.375 0.9375
vt 0.4375 0.9375
vt 0.4375 0.6458333333333333
vt 0.375 0.6458333333333333
vn 0.831469612302544 -2.242903398441955e-16 0.5555702330196042
vn -0.5555702330196042 6.803773075690074e-17 0.831469612302544
vn -0.831469612302544 2.242903398441955e-16 -0.5555702330196042
vn 0.5555702330196042 -6.803773075690074e-17 -0.831469612302544
vn 2.242903398441955e-16 1 6.803773075690074e-17
vn -2.242903398441955e-16 -1 -6.803773075690074e-17
usemtl ring_gear
f 148/436/109 151/435/109 149/434/109 146/433/109
f 147/440/110 148/439/110 146/438/110 145/437/110
f 152/444/111 147/443/111 145/442/111 150/441/111
f 151/448/112 152/447/112 150/446/112 149/445/112
f 150/452/113 145/451/113 146/450/113 149/449/113
f 151/456/114 148/455/114 147/454/114 152/453/114
o Gear11
v -0.6711456063402188 0.6250000000000003 -0.5385630848677421
v -0.40598056339526356 0.6250000000000002 -0.2733980419227868
v -0.6711456063402188 0.37500000000000033 -0.5385630848677423
v -0.40598056339526367 0.3750000000000003 -0.2733980419227868
v -0.27339804192278583 0.6250000000000002 -0.40598056339526445
v -0.538563084867741 0.6250000000000003 -0.6711456063402197
v -0.27339804192278594 0.3750000000000002 -0.40598056339526445
v -0.538563084867741 0.37500000000000033 -0.6711456063402199
vt 0.5416666666666666 0.9375
vt 0.5416666666666666 1
vt 0.625 1
vt 0.625 0.9375
vt 0.625 0.9375
vt 0.625 0.8125
vt 0.7083333333333334 0.8125
vt 0.7083333333333334 0.9375
vt 0.625 0.9375
vt 0.625 1
vt 0.7083333333333334 1
vt 0.7083333333333334 0.9375
vt 0.625 0.8125
vt 0.625 0.9375
vt 0.7083333333333334 0.9375
vt 0.7083333333333334 0.8125
vt 0.5416666666666666 0.8125
vt 0.6041666666666666 0.8125
vt 0.6041666666666666 0.9375
vt 0.5416666666666666 0.9375
vt 0.5416666666666666 0.9375
vt 0.6041666666666666 0.9375
vt 0.6041666666666666 0.8125
vt 0.5416666666666666 0.8125
vn 0.7071067811865471 -2.090602855382846e-16 0.7071067811865479
vn -0.7071067811865479 8.659560562354938e-17 0.7071067811865471
vn -0.7071067811865471 2.090602855382846e-16 -0.7071067811865479
vn 0.7071067811865479 -8.659560562354938e-17 -0.7071067811865471
vn 2.090602855382846e-16 1 8.659560562354938e-17
vn -2.090602855382846e-16 -1 -8.659560562354938e-17
usemtl ring_gear
f 156/460/115 159/459/115 157/458/115 154/457/115
f 155/464/116 156/463/116 154/462/116 153/461/116
f 160/468/117 155/467/117 153/466/117 158/465/117
f 159/472/118 160/471/118 158/470/118 157/469/118
f 158/476/119 153/475/119 154/474/119 157/473/119
f 159/480/120 156/479/120 155/478/120 160/477/120
o Gear13
v -0.4460287652464915 0.6250000000000003 -0.7470865598771399
v -0.06407423004551527 0.6250000000000002 -0.1754512014191396
v -0.4460287652464916 0.37500000000000033 -0.7470865598771399
v -0.06407423004551527 0.37500000000000017 -0.17545120141913972
v 0.09182632226121201 0.6250000000000002 -0.27962062011031497
v -0.2901282129397642 0.6250000000000002 -0.8512559785683151
v 0.09182632226121201 0.37500000000000017 -0.2796206201103151
v -0.2901282129397643 0.3750000000000003 -0.8512559785683151
vt 0.375 0.9375
vt 0.375 1
vt 0.4583333333333333 1
vt 0.4583333333333333 0.9375
vt 0.4583333333333333 0.9375
vt 0.4583333333333333 0.6458333333333333
vt 0.5416666666666666 0.6458333333333333
vt 0.5416666666666666 0.9375
vt 0.4583333333333333 0.9375
vt 0.4583333333333333 1
vt 0.5416666666666666 1
vt 0.5416666666666666 0.9375
vt 0.4583333333333333 0.6458333333333333
vt 0.4583333333333333 0.9375
vt 0.5416666666666666 0.9375
vt 0.5416666666666666 0.6458333333333333
vt 0.375 0.6458333333333333
vt 0.4375 0.6458333333333333
vt 0.4375 0.9375
vt 0.375 0.9375
vt 0.375 0.9375
vt 0.4375 0.9375
vt 0.4375 0.6458333333333333
vt 0.375 0.6458333333333333
vn 0.5555702330196018 -1.9050241067163578e-16 0.8314696123025456
vn -0.8314696123025456 1.0182565992946032e-16 0.5555702330196018
vn -0.5555702330196018 1.9050241067163578e-16 -0.8314696123025456
vn 0.8314696123025456 -1.0182565992946032e-16 -0.5555702330196018
vn 1.9050241067163573e-16 1 1.0182565992946029e-16
vn -1.9050241067163573e-16 -1 -1.0182565992946029e-16
usemtl ring_gear
f 164/484/121 167/483/121 165/482/121 162/481/121
f 163/488/122 164/487/122 162/486/122 161/485/122
f 168/492/123 163/491/123 161/490/123 166/489/123
f 167/496/124 168/495/124 166/494/124 165/493/124
f 166/500/125 161/499/125 162/498/125 165/497/125
f 167/504/126 164/503/126 163/502/126 168/501/126
o Gear11
v -0.1845565692433837 0.6250000000000002 -0.9076851977646598
v -0.041050282106475544 0.6250000000000002 -0.5612303730729269
v -0.1845565692433837 0.3750000000000003 -0.9076851977646598
v -0.041050282106475655 0.3750000000000002 -0.5612303730729269
v 0.13217713023939082 0.6250000000000002 -0.6329835166413811
v -0.011329156897517345 0.6250000000000002 -0.979438341333114
v 0.13217713023939076 0.3750000000000002 -0.6329835166413811
v -0.011329156897517345 0.3750000000000003 -0.979438341333114
vt 0.5416666666666666 0.9375
vt 0.5416666666666666 1
vt 0.625 1
vt 0.625 0.9375
vt 0.625 0.9375
vt 0.625 0.8125
vt 0.7083333333333334 0.8125
vt 0.7083333333333334 0.9375
vt 0.625 0.9375
vt 0.625 1
vt 0.7083333333333334 1
vt 0.7083333333333334 0.9375
vt 0.625 0.8125
vt 0.625 0.9375
vt 0.7083333333333334 0.9375
vt 0.7083333333333334 0.8125
vt 0.5416666666666666 0.8125
vt 0.6041666666666666 0.8125
vt 0.6041666666666666 0.9375
vt 0.5416666666666666 0.9375
vt 0.5416666666666666 0.9375
vt 0.6041666666666666 0.9375
vt 0.6041666666666666 0.8125
vt 0.5416666666666666 0.8125
vn 0.3826834323650883 -1.6932988396799814e-16 0.9238795325112874
vn -0.9238795325112874 1.1314261122877015e-16 0.3826834323650883
vn -0.3826834323650883 1.6932988396799814e-16 -0.9238795325112874
vn 0.9238795325112874 -1.1314261122877015e-16 -0.3826834323650883
vn 1.693298839679981e-16 1 1.1314261122877012e-16
vn -1.693298839679981e-16 -1 -1.1314261122877012e-16
usemtl ring_gear
f 172/508/127 175/507/127 173/506/127 170/505/127
f 171/512/128 172/511/128 170/510/128 169/509/128
f 176/516/129 171/515/129 169/514/129 174/513/129
f 175/520/130 176/519/130 174/518/130 173/517/130
f 174/524/131 169/523/131 170/522/131 173/521/131
f 175/528/132 172/527/132 171/526/132 176/525/132
o Gear12
v 0.10322275181200041 0.6250000000000002 -1.0141872829410368
v 0.23734734819808695 0.6250000000000001 -0.3398974026638154
v 0.10322275181200041 0.3750000000000002 -1.0141872829410368
v 0.23734734819808695 0.3750000000000001 -0.3398974026638154
v 0.42124458827369277 0.6250000000000001 -0.37647683804183896
v 0.28711999188760623 0.6250000000000002 -1.0507667183190603
v 0.42124458827369277 0.3750000000000001 -0.37647683804183896
v 0.28711999188760623 0.3750000000000002 -1.0507667183190603
vt 0.375 0.9375
vt 0.375 1
vt 0.4583333333333333 1
vt 0.4583333333333333 0.9375
vt 0.4583333333333333 0.9375
vt 0.4583333333333333 0.6458333333333333
vt 0.5416666666666666 0.6458333333333333
vt 0.5416666666666666 0.9375
vt 0.4583333333333333 0.9375
vt 0.4583333333333333 1
vt 0.5416666666666666 1
vt 0.5416666666666666 0.9375
vt 0.4583333333333333 0.6458333333333333
vt 0.4583333333333333 0.9375
vt 0.5416666666666666 0.9375
vt 0.5416666666666666 0.6458333333333333
vt 0.375 0.6458333333333333
vt 0.4375 0.6458333333333333
vt 0.4375 0.9375
vt 0.375 0.9375
vt 0.375 0.9375
vt 0.4375 0.9375
vt 0.4375 0.6458333333333333
vt 0.375 0.6458333333333333
vn 0.19509032201612586 -1.4635635375490286e-16 0.9807852804032311
vn -0.9807852804032311 1.2011155542966565e-16 0.19509032201612586
vn -0.19509032201612586 1.4635635375490286e-16 -0.9807852804032311
vn 0.9807852804032311 -1.2011155542966565e-16 -0.19509032201612586
vn 1.4635635375490279e-16 1 1.201115554296656e-16
vn -1.4635635375490279e-16 -1 -1.201115554296656e-16
usemtl ring_gear
f 180/532/133 183/531/133 181/530/133 178/529/133
f 179/536/134 180/535/134 178/534/134 177/533/134
f 184/540/135 179/539/135 177/538/135 182/537/135
f 183/544/136 184/543/136 182/542/136 181/541/136
f 182/548/137 177/547/137 178/546/137 181/545/137
f 183/552/138 180/551/138 179/550/138 184/549/138
o Gear13
v 0.712880008112404 0.6250000000000002 -1.050766718319059
v 0.5787554117263131 0.6250000000000001 -0.3764768380418385
v 0.712880008112404 0.37500000000000017 -1.050766718319059
v 0.5787554117263131 0.3750000000000001 -0.3764768380418385
v 0.7626526518019187 0.6250000000000001 -0.33989740266381363
v 0.8967772481880096 0.6250000000000001 -1.014187282941034
v 0.7626526518019187 0.3750000000000001 -0.33989740266381363
v 0.8967772481880096 0.37500000000000017 -1.014187282941034
vt 0.375 0.9375
vt 0.375 1
vt 0.4583333333333333 1
vt 0.4583333333333333 0.9375
vt 0.4583333333333333 0.9375
vt 0.4583333333333333 0.6458333333333333
vt 0.5416666666666666 0.6458333333333333
vt 0.5416666666666666 0.9375
vt 0.4583333333333333 0.9375
vt 0.4583333333333333 1
vt 0.5416666666666666 1
vt 0.5416666666666666 0.9375
vt 0.4583333333333333 0.6458333333333333
vt 0.4583333333333333 0.9375
vt 0.5416666666666666 0.9375
vt 0.5416666666666666 0.6458333333333333
vt 0.375 0.6458333333333333
vt 0.4375 0.6458333333333333
vt 0.4375 0.9375
vt 0.375 0.9375
vt 0.375 0.9375
vt 0.4375 0.9375
vt 0.4375 0.6458333333333333
vt 0.375 0.6458333333333333
vn -0.1950903220161324 -9.857300607456704e-17 0.9807852804032298
vn -0.9807852804032298 1.2011155542966548e-16 -0.1950903220161324
vn 0.1950903220161324 9.857300607456704e-17 -0.9807852804032298
vn 0.9807852804032298 -1.2011155542966548e-16 0.1950903220161324
vn 9.857300607456702e-17 1 1.2011155542966545e-16
vn -9.857300607456702e-17 -1 -1.2011155542966545e-16
usemtl ring_gear
f 188/556/139 191/555/139 189/554/139 186/553/139
f 187/560/140 188/559/140 186/558/140 185/557/140
f 192/564/141 187/563/141 185/562/141 190/561/141
f 191/568/142 192/567/142 190/566/142 189/565/142
f 190/572/143 185/571/143 186/570/143 189/569/143
f 191/576/144 188/575/144 187/574/144 192/573/144
o Gear10
v 0.4062500000000026 0.6250000000000002 -1.0625000000000002
v 0.406250000000002 0.6250000000000001 -0.6875000000000002
v 0.40625000000000255 0.3750000000000002 -1.0625000000000002
v 0.40625000000000194 0.37500000000000017 -0.6875000000000002
v 0.593750000000002 0.6250000000000001 -0.6874999999999998
v 0.5937500000000027 0.6250000000000002 -1.0624999999999998
v 0.593750000000002 0.3750000000000001 -0.6874999999999998
v 0.5937500000000026 0.3750000000000002 -1.0624999999999998
vt 0.5416666666666666 0.9375
vt 0.5416666666666666 1
vt 0.625 1
vt 0.625 0.9375
vt 0.625 0.9375
vt 0.625 0.8125
vt 0.7083333333333334 0.8125
vt 0.7083333333333334 0.9375
vt 0.625 0.9375
vt 0.625 1
vt 0.7083333333333334 1
vt 0.7083333333333334 0.9375
vt 0.625 0.8125
vt 0.625 0.9375
vt 0.7083333333333334 0.9375
vt 0.7083333333333334 0.8125
vt 0.5416666666666666 0.8125
vt 0.6041666666666666 0.8125
vt 0.6041666666666666 0.9375
vt 0.5416666666666666 0.9375
vt 0.5416666666666666 0.9375
vt 0.6041666666666666 0.9375
vt 0.6041666666666666 0.8125
vt 0.5416666666666666 0.8125
vn -1.6583956430338274e-15 -1.2246467991473512e-16 1
vn -1 1.2246467991473532e-16 -1.6583956430338274e-15
vn 1.6583956430338274e-15 1.2246467991473512e-16 -1
vn 1 -1.2246467991473532e-16 1.6583956430338274e-15
vn 1.2246467991473512e-16 1 1.2246467991473532e-16
vn -1.2246467991473512e-16 -1 -1.2246467991473532e-16
usemtl ring_gear
f 196/580/145 199/579/145 197/578/145 194/577/145
f 195/584/146 196/583/146 194/582/146 193/581/146
f 200/588/147 195/587/147 193/586/147 198/585/147
f 199/592/148 200/591/148 198/590/148 197/589/148
f 198/596/149 193/595/149 194/594/149 197/593/149
f 199/600/150 196/599/150 195/598/150 200/597/150
o Gear11
v 1.0113291568975178 0.6250000000000001 -0.9794383413331134
v 0.8678228697606096 0.6250000000000001 -0.6329835166413806
v 1.0113291568975178 0.3750000000000001 -0.9794383413331134
v 0.8678228697606096 0.3750000000000001 -0.6329835166413806
v 1.041050282106476 0.6250000000000001 -0.5612303730729264
v 1.1845565692433841 0.6250000000000001 -0.9076851977646592
v 1.0410502821064758 0.3750000000000001 -0.5612303730729264
v 1.1845565692433841 0.3750000000000001 -0.9076851977646592
vt 0.5416666666666666 0.9375
vt 0.5416666666666666 1
vt 0.625 1
vt 0.625 0.9375
vt 0.625 0.9375
vt 0.625 0.8125
vt 0.7083333333333334 0.8125
vt 0.7083333333333334 0.9375
vt 0.625 0.9375
vt 0.625 1
vt 0.7083333333333334 1
vt 0.7083333333333334 0.9375
vt 0.625 0.8125
vt 0.625 0.9375
vt 0.7083333333333334 0.9375
vt 0.7083333333333334 0.8125
vt 0.5416666666666666 0.8125
vt 0.6041666666666666 0.8125
vt 0.6041666666666666 0.9375
vt 0.5416666666666666 0.9375
vt 0.5416666666666666 0.9375
vt 0.6041666666666666 0.9375
